1 = [1, 0, 0, 0]
2 = [2]
3b239ad258a308129049df85c03f97bd4f57b99825174ad2a50509a08ec2a2b9 = [51, 98, 50, 51, 57, 97, 100, 50, 53, 56, 97, 51, 48, 56, 49, 50, 57, 48, 52, 57, 100, 102, 56, 53, 99, 48, 51, 102, 57, 55, 98, 100, 52, 102, 53, 55, 98, 57, 57, 56, 50, 53, 49, 55, 52, 97, 100, 50, 97, 53, 48, 53, 48, 57, 97, 48, 56, 101, 99, 50, 97, 50, 98, 57]
0 = [0, 0, 0, 0]
46 = [46]
16001415ff0337937ecadd10ce56ffdfd4674817613223 = [49, 54, 48, 48, 49, 52, 49, 53, 102, 102, 48, 51, 51, 55, 57, 51, 55, 101, 99, 97, 100, 100, 49, 48, 99, 101, 53, 54, 102, 102, 100, 102, 100, 52, 54, 55, 52, 56, 49, 55, 54, 49, 51, 50, 50, 51]
4294967280 = [240, 255, 255, 255]
4f382663a4491570c2e01a4a5ae4cfcd3b11b52ed2124947816dba9f09e71584 = [52, 102, 51, 56, 50, 54, 54, 51, 97, 52, 52, 57, 49, 53, 55, 48, 99, 50, 101, 48, 49, 97, 52, 97, 53, 97, 101, 52, 99, 102, 99, 100, 51, 98, 49, 49, 98, 53, 50, 101, 100, 50, 49, 50, 52, 57, 52, 55, 56, 49, 54, 100, 98, 97, 57, 102, 48, 57, 101, 55, 49, 53, 56, 52]
1 = [1, 0, 0, 0]
46 = [46]
16001415ff0337937ecadd10ce56ffdfd4674817613223 = [49, 54, 48, 48, 49, 52, 49, 53, 102, 102, 48, 51, 51, 55, 57, 51, 55, 101, 99, 97, 100, 100, 49, 48, 99, 101, 53, 54, 102, 102, 100, 102, 100, 52, 54, 55, 52, 56, 49, 55, 54, 49, 51, 50, 50, 51]
4294967280 = [240, 255, 255, 255]
2 = [2]
28278016 = [0, 125, 175, 1, 0, 0, 0, 0]
50 = [50]
76a91471a3d2f54b0917dc9d2c877b2861ac52967dec7f88ac = [55, 54, 97, 57, 49, 52, 55, 49, 97, 51, 100, 50, 102, 53, 52, 98, 48, 57, 49, 55, 100, 99, 57, 100, 50, 99, 56, 55, 55, 98, 50, 56, 54, 49, 97, 99, 53, 50, 57, 54, 55, 100, 101, 99, 55, 102, 56, 56, 97, 99]
32928544 = [32, 115, 246, 1, 0, 0, 0, 0]
46 = [46]
a914423877331b30a905240c7e1f2adee4ebaa47c5f687 = [97, 57, 49, 52, 52, 50, 51, 56, 55, 55, 51, 51, 49, 98, 51, 48, 97, 57, 48, 53, 50, 52, 48, 99, 55, 101, 49, 102, 50, 97, 100, 101, 101, 52, 101, 98, 97, 97, 52, 55, 99, 53, 102, 54, 56, 55]
0 = [0, 0, 0, 0]
[1, 0, 0, 0, 2, 51, 98, 50, 51, 57, 97, 100, 50, 53, 56, 97, 51, 48, 56, 49, 50, 57, 48, 52, 57, 100, 102, 56, 53, 99, 48, 51, 102, 57, 55, 98, 100, 52, 102, 53, 55, 98, 57, 57, 56, 50, 53, 49, 55, 52, 97, 100, 50, 97, 53, 48, 53, 48, 57, 97, 48, 56, 101, 99, 50, 97, 50, 98, 57, 0, 0, 0, 0, 46, 49, 54, 48, 48, 49, 52, 49, 53, 102, 102, 48, 51, 51, 55, 57, 51, 55, 101, 99, 97, 100, 100, 49, 48, 99, 101, 53, 54, 102, 102, 100, 102, 100, 52, 54, 55, 52, 56, 49, 55, 54, 49, 51, 50, 50, 51, 240, 255, 255, 255, 52, 102, 51, 56, 50, 54, 54, 51, 97, 52, 52, 57, 49, 53, 55, 48, 99, 50, 101, 48, 49, 97, 52, 97, 53, 97, 101, 52, 99, 102, 99, 100, 51, 98, 49, 49, 98, 53, 50, 101, 100, 50, 49, 50, 52, 57, 52, 55, 56, 49, 54, 100, 98, 97, 57, 102, 48, 57, 101, 55, 49, 53, 56, 52, 1, 0, 0, 0, 46, 49, 54, 48, 48, 49, 52, 49, 53, 102, 102, 48, 51, 51, 55, 57, 51, 55, 101, 99, 97, 100, 100, 49, 48, 99, 101, 53, 54, 102, 102, 100, 102, 100, 52, 54, 55, 52, 56, 49, 55, 54, 49, 51, 50, 50, 51, 240, 255, 255, 255, 2, 0, 125, 175, 1, 0, 0, 0, 0, 50, 55, 54, 97, 57, 49, 52, 55, 49, 97, 51, 100, 50, 102, 53, 52, 98, 48, 57, 49, 55, 100, 99, 57, 100, 50, 99, 56, 55, 55, 98, 50, 56, 54, 49, 97, 99, 53, 50, 57, 54, 55, 100, 101, 99, 55, 102, 56, 56, 97, 99, 32, 115, 246, 1, 0, 0, 0, 0, 46, 97, 57, 49, 52, 52, 50, 51, 56, 55, 55, 51, 51, 49, 98, 51, 48, 97, 57, 48, 53, 50, 52, 48, 99, 55, 101, 49, 102, 50, 97, 100, 101, 101, 52, 101, 98, 97, 97, 52, 55, 99, 53, 102, 54, 56, 55, 0, 0, 0, 0]



btctx {
    txid: None,
    version: 1,
    locktime: 0,
    vin: [
        txin {
            txid: "3b239ad258a308129049df85c03f97bd4f57b99825174ad2a50509a08ec2a2b9",
            vout: 0,
            prevout: txout {
                scriptpubkey: "a914423877331b30a905240c7e1f2adee4ebaa47c5f687",
                scriptpubkey_asm: "OP_HASH160 OP_PUSHBYTES_20 423877331b30a905240c7e1f2adee4ebaa47c5f6 OP_EQUAL",
                scriptpubkey_type: "p2sh",
                scriptpubkey_address: Some(
                    "37jAAWEdJ9D9mXybRobcveioxSkt7Lkwog",
                ),
                value: 2504928,
            },
            scriptsig: "16001415ff0337937ecadd10ce56ffdfd4674817613223",
            scriptsig_asm: "OP_PUSHBYTES_22 001415ff0337937ecadd10ce56ffdfd4674817613223",
            witness: Some(
                [
                    "3044022037656a38eff538cb3ccdcd4f47ca80118bcfd60414363b7bc08b1469adedece902206f182c48452cf2b6e6897b03354ed32d0357fc3607f5089b509fef17c498a5cd01",
                    "035658f6dd92339165f76caff02f63316433c4b68a247d40b1b323fb1690279e42",
                ],
            ),
            is_coinbase: false,
            sequence: 4294967280,
        },
        txin {
            txid: "4f382663a4491570c2e01a4a5ae4cfcd3b11b52ed2124947816dba9f09e71584",
            vout: 1,
            prevout: txout {
                scriptpubkey: "a914423877331b30a905240c7e1f2adee4ebaa47c5f687",
                scriptpubkey_asm: "OP_HASH160 OP_PUSHBYTES_20 423877331b30a905240c7e1f2adee4ebaa47c5f6 OP_EQUAL",
                scriptpubkey_type: "p2sh",
                scriptpubkey_address: Some(
                    "37jAAWEdJ9D9mXybRobcveioxSkt7Lkwog",
                ),
                value: 58711992,
            },
            scriptsig: "16001415ff0337937ecadd10ce56ffdfd4674817613223",
            scriptsig_asm: "OP_PUSHBYTES_22 001415ff0337937ecadd10ce56ffdfd4674817613223",
            witness: Some(
                [
                    "3044022040a303cd51c50bdf296e89661f8bb3ea411d639c5149cab461a63855d5bf97c502207ac0ce4133e22daba97abc5d65f219c49cea1959247ec398c9c6eaceb4fcd9d801",
                    "035658f6dd92339165f76caff02f63316433c4b68a247d40b1b323fb1690279e42",
                ],
            ),
            is_coinbase: false,
            sequence: 4294967280,
        },
    ],
    vout: [
        txout {
            scriptpubkey: "76a91471a3d2f54b0917dc9d2c877b2861ac52967dec7f88ac",
            scriptpubkey_asm: "OP_DUP OP_HASH160 OP_PUSHBYTES_20 71a3d2f54b0917dc9d2c877b2861ac52967dec7f OP_EQUALVERIFY OP_CHECKSIG",
            scriptpubkey_type: "p2pkh",
            scriptpubkey_address: Some(
                "1BMscNZbFKdUDYi3bnF5XEmkWT3WPmRBDJ",
            ),
            value: 28278016,
        },
        txout {
            scriptpubkey: "a914423877331b30a905240c7e1f2adee4ebaa47c5f687",
            scriptpubkey_asm: "OP_HASH160 OP_PUSHBYTES_20 423877331b30a905240c7e1f2adee4ebaa47c5f6 OP_EQUAL",
            scriptpubkey_type: "p2sh",
            scriptpubkey_address: Some(
                "37jAAWEdJ9D9mXybRobcveioxSkt7Lkwog",
            ),
            value: 32928544,
        },
    ],
}
2 = [2, 0, 0, 0]
1 = [1]
6e2e011f6c49689ff6fb7ceb66b608e9a04b38572b617015139d3a9019eb1e42 = [54, 101, 50, 101, 48, 49, 49, 102, 54, 99, 52, 57, 54, 56, 57, 102, 102, 54, 102, 98, 55, 99, 101, 98, 54, 54, 98, 54, 48, 56, 101, 57, 97, 48, 52, 98, 51, 56, 53, 55, 50, 98, 54, 49, 55, 48, 49, 53, 49, 51, 57, 100, 51, 97, 57, 48, 49, 57, 101, 98, 49, 101, 52, 50]
1 = [1, 0, 0, 0]
210 = [210]
463043021f484c1abaf9dddaedab486b51bf54e7a4dc4e67c5bc672269f04bbb393670a502205de1f087d0e784f7f7a52ea3f49ba22ae73154d3a39066a5c8e326333ce0612001210262beccd6e7c88e5597e00b2041c63098d1ee24a220213d0bad3742241e1b0858 = [52, 54, 51, 48, 52, 51, 48, 50, 49, 102, 52, 56, 52, 99, 49, 97, 98, 97, 102, 57, 100, 100, 100, 97, 101, 100, 97, 98, 52, 56, 54, 98, 53, 49, 98, 102, 53, 52, 101, 55, 97, 52, 100, 99, 52, 101, 54, 55, 99, 53, 98, 99, 54, 55, 50, 50, 54, 57, 102, 48, 52, 98, 98, 98, 51, 57, 51, 54, 55, 48, 97, 53, 48, 50, 50, 48, 53, 100, 101, 49, 102, 48, 56, 55, 100, 48, 101, 55, 56, 52, 102, 55, 102, 55, 97, 53, 50, 101, 97, 51, 102, 52, 57, 98, 97, 50, 50, 97, 101, 55, 51, 49, 53, 52, 100, 51, 97, 51, 57, 48, 54, 54, 97, 53, 99, 56, 101, 51, 50, 54, 51, 51, 51, 99, 101, 48, 54, 49, 50, 48, 48, 49, 50, 49, 48, 50, 54, 50, 98, 101, 99, 99, 100, 54, 101, 55, 99, 56, 56, 101, 53, 53, 57, 55, 101, 48, 48, 98, 50, 48, 52, 49, 99, 54, 51, 48, 57, 56, 100, 49, 101, 101, 50, 52, 97, 50, 50, 48, 50, 49, 51, 100, 48, 98, 97, 100, 51, 55, 52, 50, 50, 52, 49, 101, 49, 98, 48, 56, 53, 56]
4294967293 = [253, 255, 255, 255]
2 = [2]
10000000 = [128, 150, 152, 0, 0, 0, 0, 0]
50 = [50]
76a9142ac5869ea62c65b7529601ef7c2add625de9c22a88ac = [55, 54, 97, 57, 49, 52, 50, 97, 99, 53, 56, 54, 57, 101, 97, 54, 50, 99, 54, 53, 98, 55, 53, 50, 57, 54, 48, 49, 101, 102, 55, 99, 50, 97, 100, 100, 54, 50, 53, 100, 101, 57, 99, 50, 50, 97, 56, 56, 97, 99]
842492127 = [223, 104, 55, 50, 0, 0, 0, 0]
50 = [50]
76a9149e6b125b0b0d8c8bf452e3b5f1c96195a05e2f6588ac = [55, 54, 97, 57, 49, 52, 57, 101, 54, 98, 49, 50, 53, 98, 48, 98, 48, 100, 56, 99, 56, 98, 102, 52, 53, 50, 101, 51, 98, 53, 102, 49, 99, 57, 54, 49, 57, 53, 97, 48, 53, 101, 50, 102, 54, 53, 56, 56, 97, 99]
834637 = [77, 188, 12, 0]
[2, 0, 0, 0, 1, 54, 101, 50, 101, 48, 49, 49, 102, 54, 99, 52, 57, 54, 56, 57, 102, 102, 54, 102, 98, 55, 99, 101, 98, 54, 54, 98, 54, 48, 56, 101, 57, 97, 48, 52, 98, 51, 56, 53, 55, 50, 98, 54, 49, 55, 48, 49, 53, 49, 51, 57, 100, 51, 97, 57, 48, 49, 57, 101, 98, 49, 101, 52, 50, 1, 0, 0, 0, 210, 52, 54, 51, 48, 52, 51, 48, 50, 49, 102, 52, 56, 52, 99, 49, 97, 98, 97, 102, 57, 100, 100, 100, 97, 101, 100, 97, 98, 52, 56, 54, 98, 53, 49, 98, 102, 53, 52, 101, 55, 97, 52, 100, 99, 52, 101, 54, 55, 99, 53, 98, 99, 54, 55, 50, 50, 54, 57, 102, 48, 52, 98, 98, 98, 51, 57, 51, 54, 55, 48, 97, 53, 48, 50, 50, 48, 53, 100, 101, 49, 102, 48, 56, 55, 100, 48, 101, 55, 56, 52, 102, 55, 102, 55, 97, 53, 50, 101, 97, 51, 102, 52, 57, 98, 97, 50, 50, 97, 101, 55, 51, 49, 53, 52, 100, 51, 97, 51, 57, 48, 54, 54, 97, 53, 99, 56, 101, 51, 50, 54, 51, 51, 51, 99, 101, 48, 54, 49, 50, 48, 48, 49, 50, 49, 48, 50, 54, 50, 98, 101, 99, 99, 100, 54, 101, 55, 99, 56, 56, 101, 53, 53, 57, 55, 101, 48, 48, 98, 50, 48, 52, 49, 99, 54, 51, 48, 57, 56, 100, 49, 101, 101, 50, 52, 97, 50, 50, 48, 50, 49, 51, 100, 48, 98, 97, 100, 51, 55, 52, 50, 50, 52, 49, 101, 49, 98, 48, 56, 53, 56, 253, 255, 255, 255, 2, 128, 150, 152, 0, 0, 0, 0, 0, 50, 55, 54, 97, 57, 49, 52, 50, 97, 99, 53, 56, 54, 57, 101, 97, 54, 50, 99, 54, 53, 98, 55, 53, 50, 57, 54, 48, 49, 101, 102, 55, 99, 50, 97, 100, 100, 54, 50, 53, 100, 101, 57, 99, 50, 50, 97, 56, 56, 97, 99, 223, 104, 55, 50, 0, 0, 0, 0, 50, 55, 54, 97, 57, 49, 52, 57, 101, 54, 98, 49, 50, 53, 98, 48, 98, 48, 100, 56, 99, 56, 98, 102, 52, 53, 50, 101, 51, 98, 53, 102, 49, 99, 57, 54, 49, 57, 53, 97, 48, 53, 101, 50, 102, 54, 53, 56, 56, 97, 99, 77, 188, 12, 0]



btctx {
    txid: None,
    version: 2,
    locktime: 834637,
    vin: [
        txin {
            txid: "6e2e011f6c49689ff6fb7ceb66b608e9a04b38572b617015139d3a9019eb1e42",
            vout: 1,
            prevout: txout {
                scriptpubkey: "76a91409a4be0865fb2e73c4e197c8f01a5c405d5f305b88ac",
                scriptpubkey_asm: "OP_DUP OP_HASH160 OP_PUSHBYTES_20 09a4be0865fb2e73c4e197c8f01a5c405d5f305b OP_EQUALVERIFY OP_CHECKSIG",
                scriptpubkey_type: "p2pkh",
                scriptpubkey_address: Some(
                    "1szSDwxx6D7SeoAKLABNt5w6pzSyvq71Y",
                ),
                value: 852501127,
            },
            scriptsig: "463043021f484c1abaf9dddaedab486b51bf54e7a4dc4e67c5bc672269f04bbb393670a502205de1f087d0e784f7f7a52ea3f49ba22ae73154d3a39066a5c8e326333ce0612001210262beccd6e7c88e5597e00b2041c63098d1ee24a220213d0bad3742241e1b0858",
            scriptsig_asm: "OP_PUSHBYTES_70 3043021f484c1abaf9dddaedab486b51bf54e7a4dc4e67c5bc672269f04bbb393670a502205de1f087d0e784f7f7a52ea3f49ba22ae73154d3a39066a5c8e326333ce0612001 OP_PUSHBYTES_33 0262beccd6e7c88e5597e00b2041c63098d1ee24a220213d0bad3742241e1b0858",
            witness: None,
            is_coinbase: false,
            sequence: 4294967293,
        },
    ],
    vout: [
        txout {
            scriptpubkey: "76a9142ac5869ea62c65b7529601ef7c2add625de9c22a88ac",
            scriptpubkey_asm: "OP_DUP OP_HASH160 OP_PUSHBYTES_20 2ac5869ea62c65b7529601ef7c2add625de9c22a OP_EQUALVERIFY OP_CHECKSIG",
            scriptpubkey_type: "p2pkh",
            scriptpubkey_address: Some(
                "14uA1Proh6XikuLK7z2hhSFaiB6yxEBMfk",
            ),
            value: 10000000,
        },
        txout {
            scriptpubkey: "76a9149e6b125b0b0d8c8bf452e3b5f1c96195a05e2f6588ac",
            scriptpubkey_asm: "OP_DUP OP_HASH160 OP_PUSHBYTES_20 9e6b125b0b0d8c8bf452e3b5f1c96195a05e2f65 OP_EQUALVERIFY OP_CHECKSIG",
            scriptpubkey_type: "p2pkh",
            scriptpubkey_address: Some(
                "1FSe2nKqx8kBE5xHtpUoeUq5vYyv42Pgjo",
            ),
            value: 842492127,
        },
    ],
}
1 = [1, 0, 0, 0]
1 = [1]
a9f07d8a8559503751c051bb8ccd8f9a8c73637b6d01a18eb71dc0e997cd1f19 = [97, 57, 102, 48, 55, 100, 56, 97, 56, 53, 53, 57, 53, 48, 51, 55, 53, 49, 99, 48, 53, 49, 98, 98, 56, 99, 99, 100, 56, 102, 57, 97, 56, 99, 55, 51, 54, 51, 55, 98, 54, 100, 48, 49, 97, 49, 56, 101, 98, 55, 49, 100, 99, 48, 101, 57, 57, 55, 99, 100, 49, 102, 49, 57]
1 = [1, 0, 0, 0]
212 = [212]
47304402207c576dfc1b766a7943c06456b0bb9d172a749947c76852f4a6ebb2ea4f4985f602205bb025629c33c1da6c1384cb059e9413cfca3a12ab2b03acca877feb4054dc75012102877405a4d467e669119db4556544408e3d2b14d5c05e200bcdc8a0c934e6d472 = [52, 55, 51, 48, 52, 52, 48, 50, 50, 48, 55, 99, 53, 55, 54, 100, 102, 99, 49, 98, 55, 54, 54, 97, 55, 57, 52, 51, 99, 48, 54, 52, 53, 54, 98, 48, 98, 98, 57, 100, 49, 55, 50, 97, 55, 52, 57, 57, 52, 55, 99, 55, 54, 56, 53, 50, 102, 52, 97, 54, 101, 98, 98, 50, 101, 97, 52, 102, 52, 57, 56, 53, 102, 54, 48, 50, 50, 48, 53, 98, 98, 48, 50, 53, 54, 50, 57, 99, 51, 51, 99, 49, 100, 97, 54, 99, 49, 51, 56, 52, 99, 98, 48, 53, 57, 101, 57, 52, 49, 51, 99, 102, 99, 97, 51, 97, 49, 50, 97, 98, 50, 98, 48, 51, 97, 99, 99, 97, 56, 55, 55, 102, 101, 98, 52, 48, 53, 52, 100, 99, 55, 53, 48, 49, 50, 49, 48, 50, 56, 55, 55, 52, 48, 53, 97, 52, 100, 52, 54, 55, 101, 54, 54, 57, 49, 49, 57, 100, 98, 52, 53, 53, 54, 53, 52, 52, 52, 48, 56, 101, 51, 100, 50, 98, 49, 52, 100, 53, 99, 48, 53, 101, 50, 48, 48, 98, 99, 100, 99, 56, 97, 48, 99, 57, 51, 52, 101, 54, 100, 52, 55, 50]
4294967295 = [255, 255, 255, 255]
2 = [2]
81668 = [4, 63, 1, 0, 0, 0, 0, 0]
46 = [46]
a914dd5e711fbdcb3ec5ff26a7d9a9f64db78eddb10887 = [97, 57, 49, 52, 100, 100, 53, 101, 55, 49, 49, 102, 98, 100, 99, 98, 51, 101, 99, 53, 102, 102, 50, 54, 97, 55, 100, 57, 97, 57, 102, 54, 52, 100, 98, 55, 56, 101, 100, 100, 98, 49, 48, 56, 56, 55]
127581 = [93, 242, 1, 0, 0, 0, 0, 0]
50 = [50]
76a914f4350e7af27adf2e0ca2e442704993243f4c7e7488ac = [55, 54, 97, 57, 49, 52, 102, 52, 51, 53, 48, 101, 55, 97, 102, 50, 55, 97, 100, 102, 50, 101, 48, 99, 97, 50, 101, 52, 52, 50, 55, 48, 52, 57, 57, 51, 50, 52, 51, 102, 52, 99, 55, 101, 55, 52, 56, 56, 97, 99]
0 = [0, 0, 0, 0]
[1, 0, 0, 0, 1, 97, 57, 102, 48, 55, 100, 56, 97, 56, 53, 53, 57, 53, 48, 51, 55, 53, 49, 99, 48, 53, 49, 98, 98, 56, 99, 99, 100, 56, 102, 57, 97, 56, 99, 55, 51, 54, 51, 55, 98, 54, 100, 48, 49, 97, 49, 56, 101, 98, 55, 49, 100, 99, 48, 101, 57, 57, 55, 99, 100, 49, 102, 49, 57, 1, 0, 0, 0, 212, 52, 55, 51, 48, 52, 52, 48, 50, 50, 48, 55, 99, 53, 55, 54, 100, 102, 99, 49, 98, 55, 54, 54, 97, 55, 57, 52, 51, 99, 48, 54, 52, 53, 54, 98, 48, 98, 98, 57, 100, 49, 55, 50, 97, 55, 52, 57, 57, 52, 55, 99, 55, 54, 56, 53, 50, 102, 52, 97, 54, 101, 98, 98, 50, 101, 97, 52, 102, 52, 57, 56, 53, 102, 54, 48, 50, 50, 48, 53, 98, 98, 48, 50, 53, 54, 50, 57, 99, 51, 51, 99, 49, 100, 97, 54, 99, 49, 51, 56, 52, 99, 98, 48, 53, 57, 101, 57, 52, 49, 51, 99, 102, 99, 97, 51, 97, 49, 50, 97, 98, 50, 98, 48, 51, 97, 99, 99, 97, 56, 55, 55, 102, 101, 98, 52, 48, 53, 52, 100, 99, 55, 53, 48, 49, 50, 49, 48, 50, 56, 55, 55, 52, 48, 53, 97, 52, 100, 52, 54, 55, 101, 54, 54, 57, 49, 49, 57, 100, 98, 52, 53, 53, 54, 53, 52, 52, 52, 48, 56, 101, 51, 100, 50, 98, 49, 52, 100, 53, 99, 48, 53, 101, 50, 48, 48, 98, 99, 100, 99, 56, 97, 48, 99, 57, 51, 52, 101, 54, 100, 52, 55, 50, 255, 255, 255, 255, 2, 4, 63, 1, 0, 0, 0, 0, 0, 46, 97, 57, 49, 52, 100, 100, 53, 101, 55, 49, 49, 102, 98, 100, 99, 98, 51, 101, 99, 53, 102, 102, 50, 54, 97, 55, 100, 57, 97, 57, 102, 54, 52, 100, 98, 55, 56, 101, 100, 100, 98, 49, 48, 56, 56, 55, 93, 242, 1, 0, 0, 0, 0, 0, 50, 55, 54, 97, 57, 49, 52, 102, 52, 51, 53, 48, 101, 55, 97, 102, 50, 55, 97, 100, 102, 50, 101, 48, 99, 97, 50, 101, 52, 52, 50, 55, 48, 52, 57, 57, 51, 50, 52, 51, 102, 52, 99, 55, 101, 55, 52, 56, 56, 97, 99, 0, 0, 0, 0]



btctx {
    txid: None,
    version: 1,
    locktime: 0,
    vin: [
        txin {
            txid: "a9f07d8a8559503751c051bb8ccd8f9a8c73637b6d01a18eb71dc0e997cd1f19",
            vout: 1,
            prevout: txout {
                scriptpubkey: "76a914a83fec74fdbcea307e7253f601226de1743967a488ac",
                scriptpubkey_asm: "OP_DUP OP_HASH160 OP_PUSHBYTES_20 a83fec74fdbcea307e7253f601226de1743967a4 OP_EQUALVERIFY OP_CHECKSIG",
                scriptpubkey_type: "p2pkh",
                scriptpubkey_address: Some(
                    "1GLd6iqPkZmhtFTUqv48wa1BVRGtmT6Fkf",
                ),
                value: 217985,
            },
            scriptsig: "47304402207c576dfc1b766a7943c06456b0bb9d172a749947c76852f4a6ebb2ea4f4985f602205bb025629c33c1da6c1384cb059e9413cfca3a12ab2b03acca877feb4054dc75012102877405a4d467e669119db4556544408e3d2b14d5c05e200bcdc8a0c934e6d472",
            scriptsig_asm: "OP_PUSHBYTES_71 304402207c576dfc1b766a7943c06456b0bb9d172a749947c76852f4a6ebb2ea4f4985f602205bb025629c33c1da6c1384cb059e9413cfca3a12ab2b03acca877feb4054dc7501 OP_PUSHBYTES_33 02877405a4d467e669119db4556544408e3d2b14d5c05e200bcdc8a0c934e6d472",
            witness: None,
            is_coinbase: false,
            sequence: 4294967295,
        },
    ],
    vout: [
        txout {
            scriptpubkey: "a914dd5e711fbdcb3ec5ff26a7d9a9f64db78eddb10887",
            scriptpubkey_asm: "OP_HASH160 OP_PUSHBYTES_20 dd5e711fbdcb3ec5ff26a7d9a9f64db78eddb108 OP_EQUAL",
            scriptpubkey_type: "p2sh",
            scriptpubkey_address: Some(
                "3MsWPskgyBKTFPhqnaboW84G9X1dTEHgNc",
            ),
            value: 81668,
        },
        txout {
            scriptpubkey: "76a914f4350e7af27adf2e0ca2e442704993243f4c7e7488ac",
            scriptpubkey_asm: "OP_DUP OP_HASH160 OP_PUSHBYTES_20 f4350e7af27adf2e0ca2e442704993243f4c7e74 OP_EQUALVERIFY OP_CHECKSIG",
            scriptpubkey_type: "p2pkh",
            scriptpubkey_address: Some(
                "1PGFSEzgLc4ekPxQAMHBhbq9S4JkNAMa2g",
            ),
            value: 127581,
        },
    ],
}
